.Random.seed <-
c(403L, 10L, -1370233405L, 1293435745L, 425834960L, -1982361298L, 
1025554649L, -38718741L, -962076838L, 499255580L, -1799258081L, 
-55677835L, 1452226828L, 1851135202L, 1636646333L, -1868666313L, 
1282955486L, -732687336L, 77015931L, -183289063L, -794040408L, 
1124738902L, 201490385L, -794207357L, 1753554450L, 123369892L, 
-2096833177L, 287777469L, -1255611852L, 1936775578L, 484378085L, 
436486527L, -2025412346L, 335082128L, 425628467L, -1266530095L, 
-603968896L, -1518126242L, -783251287L, -1374401701L, -700622486L, 
593120268L, -971740081L, 207535365L, 2089401788L, 1866569874L, 
799816589L, -1231160377L, 607985838L, -539627256L, -1320243445L, 
-2096326167L, 270704312L, 895551846L, -1200502271L, 1689961619L, 
-2067914942L, -667348748L, -308163337L, -1210661651L, 50182020L, 
234998186L, -1511526635L, 932572591L, 185562550L, 1770449888L, 
442426147L, 197788737L, -581986512L, 483562830L, -1339287623L, 
-2111483445L, -67448198L, -1997400196L, 357521343L, -16473963L, 
363114156L, 446782594L, 263351389L, -1976159401L, 208522814L, 
-1980235144L, -1070829221L, 1259315385L, -864636664L, -1286421578L, 
2145255665L, -497649885L, 1540755826L, -1865047100L, 2022952839L, 
1247360349L, -1744966828L, 775983482L, 364223685L, -764281313L, 
-1760110170L, -419292368L, -722667053L, -453541903L, -1227896544L, 
-892405826L, 516560841L, 503986043L, 304639306L, -953251412L, 
-1911855953L, -1998823835L, 1226098204L, 511776882L, 1462755053L, 
153305895L, 1114398542L, 1063835560L, 1852433323L, -1747066679L, 
-1853036328L, 1010193798L, 1668500577L, -2047689229L, 1262664802L, 
-2127037740L, -2083599401L, 1480982989L, 342463844L, -1502715574L, 
527009973L, -1036673009L, 1971788054L, -2085780544L, -2018046077L, 
165854625L, 233103760L, -1747309970L, 1375702041L, -1164177237L, 
975828122L, 392266844L, -365985441L, 1878139701L, 1716840140L, 
-148442078L, 2108376701L, -600089737L, -1159572322L, -184085672L, 
-1485924677L, 467351641L, -75994136L, 113421846L, 590115217L, 
-1693736381L, -2046451374L, -438389276L, -790946777L, 857499773L, 
-97864332L, -5490342L, -78368859L, 88461247L, -1117813690L, 1505993424L, 
-372527885L, -672855535L, 1753173056L, -1185423330L, 426114793L, 
-1208796133L, -1157671894L, -1320081588L, -1709351665L, -1333297083L, 
1844816380L, -664491950L, -461221427L, 1598600071L, 1761351278L, 
2141722184L, 2112090187L, -322987607L, 248714488L, 322658342L, 
-1327517375L, 280252115L, 1290466946L, -6587212L, 206128183L, 
853354285L, -1730272188L, 1112574314L, 1582474709L, 363234159L, 
758880886L, 1334697376L, -1229698461L, 277306113L, -1095265680L, 
854445582L, 2031257209L, -1431653877L, -1943983302L, 1570067004L, 
-1286073985L, -1405699371L, 1660033772L, 1611672642L, 1530545053L, 
1287313943L, 590782334L, 1336880440L, 1042237979L, 645501817L, 
-1711528504L, 799922678L, -414364623L, -1997697437L, 197923378L, 
-638214268L, 426208711L, 98608285L, -232610796L, -498859334L, 
-2092743931L, 1702590687L, -1390042778L, 692774128L, -256675821L, 
-366365263L, -18198432L, 2010829008L, 206062626L, -455197016L, 
-437976180L, -1396986436L, -19817422L, 1401513792L, 1819182260L, 
1439680328L, -1291793734L, -1683710192L, 290634988L, -472595372L, 
-627339502L, -302991456L, -149072948L, -1615342752L, -1146387262L, 
573150760L, 1749292460L, -1943712964L, -2007189646L, -1754638544L, 
774436388L, 1267336248L, 1415160026L, 963966352L, 1001798396L, 
-1042156652L, 2109716290L, 218914304L, 1114367548L, -539596208L, 
-206285150L, 559784776L, -1061203444L, 72595676L, -1786938798L, 
1425494144L, 886164308L, 686687720L, 933592826L, -1341134000L, 
68414508L, -1558730380L, -305580398L, -1012978080L, -945330548L, 
348067680L, -1029883166L, -1059573592L, 337886412L, 1513513468L, 
962674610L, 1304390128L, -2056395324L, 906148696L, -1815531654L, 
-1545054800L, 1906120124L, 2133853268L, 984876994L, -176519392L, 
343129020L, -508275120L, 624871906L, 308008296L, 1020529996L, 
975533308L, -1578460430L, 1728234240L, -1820438924L, -2068360184L, 
-364848710L, -1215859760L, 1499121132L, -972509292L, -337445166L, 
-1506268576L, -1167016628L, 1817051424L, 971423362L, 1812936168L, 
-2132847636L, -1344431556L, -1687136654L, -699110544L, -627404508L, 
-663068104L, 796645786L, 556920272L, 1516551612L, -2000763756L, 
-2146498430L, 919608768L, -889684164L, 558297232L, -542151902L, 
1017977352L, -571217652L, -756008548L, 875186706L, -1796530304L, 
-1774875884L, 1132417320L, -150431686L, -1580672048L, 2142047852L, 
-307473868L, 1303553682L, -330248864L, 1109354828L, -82304032L, 
-1890135646L, 585128360L, 2079102604L, -1822143044L, -23928206L, 
-2100491280L, -1610960316L, 90443864L, 664110138L, -1387793296L, 
-270093252L, -323037932L, -471156030L, -497125664L, -1507603332L, 
1107417808L, 1556695458L, -143270872L, -867051764L, -525410884L, 
-1149544654L, -279880000L, 1455554612L, 1362460360L, 1779075258L, 
-348458352L, -970383636L, -405108140L, -324841838L, 1528941856L, 
-2144565812L, 524762848L, 1436083394L, 1498831912L, 521462700L, 
-630427972L, -1608706062L, 823618096L, -622492764L, 1404575160L, 
1650581338L, 2017304720L, -950341764L, 519304468L, 772512066L, 
1534375168L, 1197388220L, 569513296L, -1663475422L, -848195000L, 
-355937268L, -2141269412L, -1824320046L, 1594772992L, -1648297644L, 
876346600L, -411326214L, -1623176496L, -1346912468L, 2117326068L, 
1203498386L, -984956576L, 1882738700L, -1263077152L, -1184856478L, 
-271621976L, 672616524L, 949299068L, 1147235634L, -259821968L, 
-106985660L, -1678173224L, 800106362L, 559785008L, 1405790140L, 
-1661711788L, 1904093250L, -1720944992L, 1184854716L, 172646352L, 
1121067362L, 1739729640L, 1322192076L, -1906181636L, -122842638L, 
632154240L, 449273332L, 2098948744L, -534935750L, -716304048L, 
1873916012L, -1749772908L, 2048222290L, -812125728L, 2017386700L, 
-767776096L, 1901160834L, 1534995688L, 2082845420L, 1116596540L, 
-473291662L, -1363956112L, -631044572L, -1620445128L, 151930138L, 
896491728L, -623190724L, 307445652L, 804351874L, 2131525568L, 
1670497852L, 481360272L, -278227934L, 652982536L, 1343781282L, 
-1213296969L, -1415182207L, 146915462L, -773081916L, 1681805813L, 
223906911L, -145822024L, 1030274966L, 1645573539L, -746739355L, 
-596410238L, -305600016L, 722919321L, -232924789L, 1676772476L, 
-1088344406L, 590694623L, 1152638569L, -164328322L, -1300675476L, 
983258301L, -1205367417L, -955635344L, 582675470L, -1384406725L, 
656043549L, -1162136886L, -33317400L, -220347695L, 702365379L, 
-449563196L, -1594064270L, 33258311L, 1238549265L, 2059030166L, 
732185588L, 1879633285L, 1724604623L, -718485048L, 570337382L, 
-434831725L, -1535889931L, -1413337134L, -921908192L, 1974005257L, 
-530098373L, 1003625100L, 582811418L, 1207751055L, -1251946791L, 
-1515490962L, 687291644L, -1275464083L, 879297047L, 1014200288L, 
41874366L, 1793167755L, -881171955L, -918708678L, 1160025720L, 
-2085749215L, -491343661L, -400019468L, -1598871422L, -1888141033L, 
1015248865L, -2087149274L, 210812964L, 107668181L, 1773457023L, 
1501675288L, -910266826L, 1373544643L, -1826349819L, -771234654L, 
-562832752L, 1715185209L, -617728277L, 1170925532L, 288696842L, 
-2028815105L, 1627453769L, 377219806L, -1125181300L, 1891463261L, 
-780075417L, 645312400L, -1713937490L, -733509029L, 1446053437L, 
-1060570966L, -1981593272L, 2096987505L, 472890083L, 44585444L, 
1665309970L, 37392615L, 91416241L, 806395126L, -1945796844L, 
-391866331L, -161440465L, 1295299304L, 1707233222L, 1358033523L, 
-1416301355L, -811837774L, -243003776L, -1593739671L, -951936293L, 
-1731697108L, -844044742L, 189980911L, 97184633L, -1712134130L, 
-612381220L, 1148255821L, -665231945L, 562279232L, 143327774L, 
-1606941461L, -259961747L, 293203162L, -1088965480L, 1086403329L, 
-211167053L, 887665620L, 785149666L, -2100285577L, -1874545983L, 
1098498630L, -1936953980L, 679613237L, -1386622689L, -1346226056L, 
258811222L, -1778099229L, -1215760987L, 1392760898L, -908814800L, 
