.Random.seed <-
c(403L, 10L, -1454190821L, 446340217L, 363398344L, 263791862L, 
-1859308239L, -1534352029L, 1980245810L, -17371004L, 1031113927L, 
1365909405L, 1996253972L, -1717601862L, 721653765L, 741967327L, 
-1399531418L, -477517840L, 1475113235L, -198201679L, 1922681184L, 
-197812482L, 490355337L, 1251775931L, 960802698L, 1509135980L, 
1381591023L, -482271195L, -56545060L, -958196046L, 781392301L, 
2047126887L, -113616242L, 1157514088L, 505305963L, -1326201591L, 
-1535738984L, 640416454L, 329146401L, 2098406579L, -844900830L, 
2059085844L, 439258263L, 1281025677L, 897927076L, -1881507446L, 
1413580277L, 1919645775L, -45109418L, -1236498944L, 1481070403L, 
1590234849L, 417320016L, 1087591598L, 1146196057L, 1269764203L, 
-775199270L, -687731044L, 633364639L, 1268677365L, 1791182732L, 
-817510814L, 2129189437L, 881214647L, 1986394974L, -1026285928L, 
2028445179L, 1399685017L, -1246988248L, -749494058L, 1036772689L, 
-1776708605L, 637279122L, -1361659612L, 1907294183L, 1538974781L, 
1875309236L, -329121510L, 1161572965L, 1824347903L, 109923206L, 
-1569452784L, 411198899L, -734538159L, 1922078208L, -1890635042L, 
-1043947223L, -1223242533L, -1069466646L, 415337356L, 1425001679L, 
1504605317L, 989445948L, -1345110510L, 1117068557L, 555345479L, 
-1208378322L, 1813266824L, -1872930677L, -520326551L, 1870720568L, 
2004723430L, -236879231L, -93475309L, -1826154046L, -157068684L, 
49902711L, 13344109L, 1989575172L, 489546026L, 1152145045L, 1760427311L, 
-656046026L, 1339006048L, 1053086371L, -40614463L, 1161810352L, 
1972801742L, -476623303L, -505139125L, 2124546554L, -942654212L, 
-536309441L, -20566507L, -169251540L, -270393854L, -1790507811L, 
364650455L, 578632382L, 342015224L, -1344986405L, -2081089223L, 
887872648L, -1421120458L, -2065598351L, -1463940445L, -366825486L, 
892126020L, -77853689L, -1914902051L, -175171884L, 1548122618L, 
332731717L, 936460703L, 460432166L, 1778400176L, -938776493L, 
2055824241L, 1548333728L, -221419970L, 83266889L, -2141023237L, 
-707684406L, -696104660L, -1632615121L, 1116130277L, 408670876L, 
294590194L, 592283501L, 356044967L, 378221262L, -335708120L, 
-1950680021L, 1755024969L, -1576655016L, 1796600326L, 38345697L, 
210663795L, 784923106L, 1958608212L, -1047743401L, 94369869L, 
-2142159900L, -66258486L, 1544929333L, -548692337L, 1973890966L, 
-1556286656L, -1883668989L, -657300447L, -684390640L, -1161331474L, 
-319839079L, 1860055339L, -1504868326L, -617544996L, -1321377057L, 
1533090997L, 700365388L, 1152648866L, -1083134467L, 1736607479L, 
-1247997922L, -175504680L, 1746101819L, -38071335L, 174596456L, 
614496406L, -881986031L, -1711288381L, -1625500718L, 1564298852L, 
29261223L, 1879487229L, 1284654836L, 1720226266L, -983796443L, 
-874589121L, 2028610502L, 1503539280L, 300956787L, 915116177L, 
-1886228288L, -209454434L, 1122162281L, -2042222949L, -2081633366L, 
368996300L, -602545521L, -1522791739L, 1427874428L, -429953326L, 
1853336141L, -482236665L, -350115090L, -589611064L, 1103577291L, 
-1824693975L, 1348303224L, 908043424L, 2011420034L, -1870837528L, 
1568028396L, 770921788L, -1560687502L, -855349136L, -2140159964L, 
-1128715208L, 1217990426L, -1611215664L, -93642948L, -394541164L, 
1666134914L, 708028864L, -310165956L, -319011440L, -1533501918L, 
-1959975672L, -797536628L, -2050392292L, 1562255506L, -867485312L, 
477881876L, -954073304L, -1397687750L, 1131920848L, -1609717396L, 
-78625868L, 1056520210L, 355366368L, 1598498764L, -2061303584L, 
-1652099038L, 1700192552L, 1793777164L, -523999428L, 843555826L, 
1281686256L, 2139164228L, -1963687336L, 52653882L, -1232771600L, 
-1794926916L, -1918273260L, 298959554L, 1992987744L, -518921348L, 
-1742571568L, 1670766882L, -896755032L, 1774033804L, -1069827908L, 
1782992690L, 1775372864L, -1779835724L, -1637645752L, 1140712890L, 
-1779998192L, -439438612L, -1127882412L, 1146741010L, -1957999200L, 
-1540357428L, -142483872L, 521844674L, 1977075496L, -612225108L, 
-414170308L, -1111807630L, -829039824L, -1779675868L, -935384264L, 
324239066L, -333740144L, -228929796L, -104354924L, 155222082L, 
-1184074496L, -1309735876L, -1706868400L, -988245854L, -604962488L, 
-847128820L, 2145755868L, -1101730478L, 1048069248L, 585400404L, 
-251981848L, 202017018L, -1851872432L, -1666924756L, -769848972L, 
1746873234L, 239765600L, 238808460L, 1052318560L, -1531930142L, 
-208538712L, 668071116L, 79355900L, -712727118L, 888788464L, 
-979055676L, -2107259560L, 1095031162L, -1512340560L, 672197052L, 
-1639868332L, 1822554050L, 431157280L, 1700796604L, -1159400880L, 
-982617118L, -1753792408L, 278512716L, 1938602236L, -1526936590L, 
-1305982720L, -546299532L, 239053832L, -121118790L, 1986179536L, 
-1136854036L, 760643988L, 734204370L, -166923936L, 1693101900L, 
796293408L, -147472510L, -1063555352L, -390725396L, 1622733884L, 
-1643283598L, 794877552L, 2151460L, 1298803512L, -1754633062L, 
1119089360L, 1632952508L, -131141996L, 90183298L, -218814272L, 
1351017276L, 1585798288L, 2097208866L, -2139238392L, -401507060L, 
-1758761828L, -761561582L, 1576566656L, -1756672492L, 757623336L, 
1329640762L, -1710192176L, 576894060L, -1284634316L, 1567405714L, 
-1787294880L, -2128293044L, 1041602528L, 1258649506L, 702842792L, 
1936010636L, -1241077572L, 738429298L, -1055230736L, 185176132L, 
43065688L, 1580508730L, 1663318896L, -1796638660L, -330957036L, 
-1267587646L, -1415218464L, -1271793796L, 879673040L, -310658910L, 
2072415272L, -31046388L, 1741342652L, 1487849778L, 846055872L, 
-1808086476L, 1186888648L, 1549777082L, -1355077232L, 1434169836L, 
545956436L, 1141919890L, 726167328L, -1786418740L, -288942624L, 
-2130118974L, -1330953176L, 1024643756L, 43254972L, -1912911374L, 
246714672L, 441570468L, -937072968L, 29326682L, -983091824L, 
1734955900L, 654674196L, -1506811070L, -527082752L, 330315708L, 
-841490608L, 1420624674L, 881696072L, -1438037492L, -114120612L, 
-1085522734L, 273791488L, 1512705364L, 498203112L, -1752536070L, 
-869793584L, -1477554900L, -892034316L, -1341654638L, 1385518176L, 
-1983027956L, -1198959904L, -2097804958L, -181626200L, 1601267786L, 
-169829313L, -1377928055L, -574334818L, 1532228940L, 1019696413L, 
-47599449L, 418906064L, -611682450L, -1970782693L, -1626011779L, 
1879919978L, -72473592L, -667571023L, 1006127907L, 1227274276L, 
-1967637806L, 587362087L, -1585680015L, 1369307062L, -867718316L, 
-126274075L, -97349649L, -2124746968L, -358869114L, 455762867L, 
1661813525L, 2033589618L, -7708224L, -15666647L, 1335883419L, 
-520020116L, -93173894L, 417161391L, 1789074361L, -207196722L, 
-1921509092L, -617116531L, 473399543L, -1399084032L, -2064462242L, 
-2100891349L, -963112403L, 1921454746L, -1537610152L, -327323199L, 
1504665203L, 1371642772L, -723987934L, -7635657L, -1788986367L, 
-461758202L, -1214470844L, -1742837643L, 923183583L, 752121144L, 
-2008971498L, -501790941L, -807676699L, 840691970L, -1669127312L, 
-268952807L, -1099334901L, 1637861372L, -561527766L, -980367265L, 
1985945577L, 584237310L, -1535348500L, 409244733L, -1075615737L, 
1522185200L, -910573682L, -1454137925L, -508445795L, 960086346L, 
-1045591704L, -477561007L, -223593405L, 1561437508L, -1663408654L, 
674279367L, -1360326255L, 2098914582L, 879533428L, 328719365L, 
1617652815L, -858455992L, -1577945626L, -1932178669L, -2079773579L, 
116725330L, -598396768L, -1517450871L, 726862267L, -707574260L, 
1954570138L, 552519439L, -1518977703L, -1832208402L, 1205935740L, 
1447126765L, 739922327L, 486357600L, -528093122L, -1645569781L, 
-733111411L, -1649289030L, -9494792L, -1066543967L, 1142263891L, 
-1559643276L, -617674494L, 990620055L, -1664822431L, -1713616986L, 
1596817828L, 464001109L, -1096217345L, 476746136L, 77589174L, 
224469827L, 1542839941L, 1198797602L, 1184630800L, -781945927L, 
-499149717L, -1816762532L, 1944108682L, 2058783359L, -1912228919L, 
304902238L, 269472524L, 1909594845L, 512046055L, -1762752496L, 
